-9.477001953125
-9.48896484375
-9.529638671875
-9.48896484375
-9.472216796875001
-9.472216796875001
-9.491357421875001
-9.646875000000001
-9.49375
-9.527246093750001
-9.639697265625001
-9.48896484375
-9.503320312500001
-9.49375
-9.48896484375
-9.484179687500001
-9.462646484375
-9.455468750000001
-9.453076171875
-9.424365234375001
-9.491357421875001
-9.5224609375
-9.496142578125001
-9.529638671875
-9.59423828125
-9.606201171875
-9.606201171875
-9.654052734375
-9.500927734375
-9.66123046875
-9.687548828125001
-9.625341796875
-9.49853515625
-9.625341796875
-9.596630859375
-9.610986328125001
-9.610986328125001
-9.615771484375001
-9.64208984375
-9.625341796875
-9.654052734375
-9.6181640625
-9.644482421875
-9.68994140625
-9.6373046875
-9.687548828125001
-9.627734375000001
-9.601416015625
-9.615771484375001
-9.625341796875
-9.606201171875
-9.558349609375
-9.589453125
-9.589453125
-9.515283203125001
-9.477001953125
-9.529638671875
-9.524853515625
-9.48896484375
-9.484179687500001
-9.512890625
-9.510498046875
-9.503320312500001
-9.496142578125001
-9.44111328125
-9.486572265625
-9.34541015625
-9.491357421875001
-9.486572265625
-9.462646484375
-9.472216796875001
-9.486572265625
-9.512890625
-9.45068359375
-9.481787109375
-9.4458984375
-9.486572265625
-9.453076171875
-9.460253906250001
-9.448291015625001
-9.615771484375001
-9.534423828125
-9.484179687500001
-9.455468750000001
-9.472216796875001
-9.503320312500001
-9.510498046875
-9.500927734375
-9.503320312500001
-9.548779296875
-9.512890625
-9.532031250000001
-9.508105468750001
-9.527246093750001
-9.486572265625
-9.484179687500001
-9.543994140625001
-9.508105468750001
-9.486572265625
-9.510498046875
-9.477001953125
-9.634912109375001
-9.474609375
-9.484179687500001
-9.646875000000001
-9.48896484375
-9.500927734375
-9.551171875000001
-9.555957031250001
-9.601416015625
-9.59423828125
-9.589453125
-9.577490234375
-9.582275390625
-9.484179687500001
-9.575097656250001
-9.577490234375
-9.58466796875
-9.548779296875
-9.534423828125
-9.520068359375001
-9.520068359375001
-9.575097656250001
-9.56552734375
-9.54638671875
-9.527246093750001
-9.551171875000001
-9.58466796875
-9.634912109375001
-9.634912109375001
-9.63251953125
-9.627734375000001
-9.606201171875
-9.68515625
-9.682763671875001
-9.668408203125
-9.711474609375001
-9.68037109375
-9.658837890625001
-9.694726562500001
-9.606201171875
-9.64208984375
-9.59423828125
-9.582275390625
-9.543994140625001
-9.532031250000001
-9.524853515625
-9.503320312500001
-9.467431640625001
-9.510498046875
-9.496142578125001
-9.457861328125
-9.455468750000001
-9.455468750000001
-9.42197265625
-9.433935546875
-9.453076171875
-9.410009765625
-9.453076171875
-9.634912109375001
-9.457861328125
-9.477001953125
-9.453076171875
-9.460253906250001
-9.438720703125
-9.479394531250001
-9.644482421875
-9.4267578125
-9.503320312500001
-9.357373046875
-9.491357421875001
-9.462646484375
-9.503320312500001
-9.5416015625
-9.500927734375
-9.503320312500001
-9.551171875000001
-9.54638671875
-9.558349609375
-9.54638671875
-9.510498046875
-9.510498046875
-9.51767578125
-9.539208984375001
-9.524853515625
-9.512890625
-9.5703125
-9.527246093750001
-9.601416015625
-9.59423828125
-9.587060546875001
-9.579882812500001
-9.572705078125
-9.575097656250001
-9.551171875000001
-9.572705078125
-9.5607421875
-9.520068359375001
-9.543994140625001
-9.539208984375001
-9.515283203125001
-9.51767578125
-9.582275390625
-9.587060546875001
-9.582275390625
-9.601416015625
-9.6181640625
-9.577490234375
-9.677978515625
-9.697119140625
-9.797607421875
-9.61337890625
-9.622949218750001
-9.620556640625
-9.625341796875
-9.68515625
-9.63251953125
-9.606201171875
-9.563134765625001
-9.589453125
-9.5224609375
-9.512890625
-9.508105468750001
-9.49853515625
-9.500927734375
-9.479394531250001
-9.479394531250001
-9.438720703125
-9.474609375
-9.48896484375
-9.46982421875
-9.448291015625001
-9.46982421875
-9.534423828125
-9.477001953125
-9.477001953125
-9.479394531250001
-9.457861328125
-9.448291015625001
-9.505712890625
-9.500927734375
-9.646875000000001
-9.63251953125
-9.491357421875001
-9.484179687500001
-9.448291015625001
-9.503320312500001
-9.496142578125001
-9.481787109375
-9.520068359375001
-9.49375
-9.49853515625
-9.503320312500001
-9.520068359375001
-9.508105468750001
-9.491357421875001
-9.534423828125
-9.48896484375
-9.520068359375001
-9.508105468750001
-9.520068359375001
-9.49853515625
-9.51767578125
-9.54638671875
-9.527246093750001
-9.532031250000001
-9.582275390625
-9.591845703125001
-9.589453125
-9.572705078125
-9.601416015625
-9.579882812500001
-9.558349609375
-9.575097656250001
-9.558349609375
-9.558349609375
-9.539208984375001
-9.572705078125
-9.567919921875001
-9.606201171875
-9.553564453125
-9.563134765625001
-9.563134765625001
-9.575097656250001
-9.572705078125
-9.543994140625001
-9.582275390625
-9.563134765625001
-9.567919921875001
-9.551171875000001
-9.599023437500001
-9.589453125
-9.579882812500001
-9.567919921875001
-9.558349609375
-9.589453125
-9.577490234375
-9.58466796875
-9.577490234375
-9.627734375000001
-9.6181640625
-9.587060546875001
-9.582275390625
-9.5703125
-9.555957031250001
-9.553564453125
-9.558349609375
-9.572705078125
-9.555957031250001
-9.563134765625001
-9.539208984375001
-9.534423828125
-9.543994140625001
-9.496142578125001
-9.639697265625001
-9.520068359375001
-9.508105468750001
-9.64208984375
-9.3501953125
-9.49853515625
-9.630126953125
-9.477001953125
-9.46982421875
-9.460253906250001
-9.431542968750001
-9.40283203125
-9.42197265625
-9.436328125000001
-9.398046875
-9.438720703125
-9.431542968750001
-9.3501953125
-9.4267578125
-9.352587890625001
-9.395654296875001
-9.386083984375
-9.40283203125
-9.45068359375
-9.481787109375
-9.49375
-9.510498046875
-9.555957031250001
-9.56552734375
-9.555957031250001
-9.6181640625
-9.6181640625
-9.725830078125
-9.701904296875
-9.773681640625
-9.778466796875001
-9.766503906250001
-9.7330078125
-9.7330078125
-9.699511718750001
-9.697119140625
-9.668408203125
-9.639697265625001
-9.599023437500001
-9.606201171875
-9.5416015625
-9.532031250000001
-9.543994140625001
-9.515283203125001
-9.51767578125
-9.508105468750001
-9.500927734375
-9.551171875000001
