-13323
-13375
-13463
-13517
-13548
-13332
-13717
-13715
-13582
-13866
-13958
-14097
-14214
-14307
-14396
-14427
-14478
-14496
-14520
-14633
-14715
-14726
-14732
-14762
-14798
-14751
-14818
-14834
-14932
-14969
-14920
-14898
-14882
-14855
-14916
-14945
-14987
-14996
-14976
-14982
-14977
-14971
-14908
-14920
-14899
-14887
-14794
-14735
-14668
-14511
-14416
-14255
-14129
-13967
-13851
-13631
-13533
-13358
-13065
-13041
-12590
-12385
-12229
-12051
-11876
-12030
-11688
-11635
-11587
-11528
-11512
-11608
-11739
-11953
-12144
-12075
-12474
-14329
-13002
-12946
-12842
-12923
-12814
-12850
-12629
-12472
-12534
-12426
-12668
-12448
-12243
-12219
-12285
-11840
-11749
-11523
-11275
-11101
-10947
-10882
-10830
-10637
-10465
-10326
-10155
-10076
-9883
-9645
-9548
-9416
-9308
-9263
-9248
-9284
-9450
-9510
-9589
-9608
-9698
-9694
-9719
-9747
-9763
-9800
-9877
-9896
-9786
-9882
-10181
-9884
-9890
-10016
-10617
-11005
-10623
-10611
-10535
-10545
-10676
-10716
-10813
-10941
-11097
-11110
-11129
-11685
-11154
-11168
-11200
-11228
-11516
-11152
-11162
-11118
-11101
-11245
-10935
-10906
-10935
-10994
-10977
-10982
-10948
-10956
-10904
-10928
-11008
-10980
-10930
-10959
-10873
-10816
-10802
-10846
-10770
-10723
-10701
-10648
-10631
-10550
-10460
-10385
-10489
-10416
-10340
-10289
-10182
-10243
-10232
-10245
-10624
-10600
-10562
-10536
-10460
-10532
-10384
-10277
-10167
-10077
-10182
-9992
-9229
-9165
-9521
-9625
-9561
-9725
-9976
-9678
-9574
-9599
-9575
-9496
-9444
-9352
-9258
-9118
-9209
-8783
-8536
-8330
-8114
-7914
-7814
-7840
-7902
-7898
-8440
-7792
-7729
-7644
-7610
-7507
-7380
-7363
-7357
-7378
-7338
-7302
-7302
-7372
-7363
-7235
-7309
-7210
-7248
-7242
-7177
-7144
-7188
-7131
-7087
-7047
-6989
-6959
-6819
-6786
-6648
-6564
-6567
-6520
-6593
-6581
-6405
-6689
-6793
-6775
-6836
-6910
-6660
-7019
-6877
-6947
-7310
-7400
-7546
-7646
-7660
-7738
-7710
-7788
-7805
-7819
-7921
-7928
-7938
-7964
-7911
-7880
-7841
-7753
-7930
-7616
-7474
-7238
-7019
-6923
-6852
-6778
-6709
-6557
-6492
-6563
-6518
-6577
-6623
-6674
-6627
-6550
-6527
-6548
-6581
-6554
-6536
-6622
-6653
-6703
-6782
-7018
-7088
-7127
-7530
-7731
-7583
-7769
-7885
-8098
-8181
-8339
-8432
-8611
-8776
-8924
-9098
-9269
-9450
-9610
-9785
-9736
-10125
-10306
-10446
-10632
-10786
-10881
-11063
-11263
-11421
-11595
-11717
-11541
-11944
-12026
-12029
-12118
-12118
-12131
-12165
-12120
-12100
-12048
-12001
-11916
-11895
-11907
-11872
-11919
-11982
