19132
19160
19176
19261
19804
19862
19716
20129
20263
20382
20520
20512
20644
20606
20685
20799
20873
21057
21161
21256
21256
21292
20993
21211
21139
21109
20919
20801
20553
20254
20346
20463
20083
20030
19856
19470
19805
19674
19694
19603
19650
19534
19524
19517
19401
19347
19430
19212
19181
19208
19184
19130
19213
19230
19058
18944
18797
18771
18919
18552
18456
18386
18288
18105
18024
17853
17901
17474
17329
17362
16951
16715
16528
16301
16375
15912
15651
15498
15611
15142
15083
15043
14908
14746
14695
14555
14472
14367
14155
14040
14051
13896
13699
13604
13390
13320
13143
12957
13031
12615
12591
12400
12291
12374
12215
12262
12087
11949
11950
12108
11725
11822
11448
11341
11226
11248
11182
11162
11116
10882
10688
10552
10428
10174
10231
9761
9699
9233
9032
8543
8221
7882
7437
7253
7163
6573
6641
6105
6108
5533
5233
5165
5090
4662
4512
4109
3882
3658
3527
3347
3232
2992
3099
2985
2935
2875
2828
2662
2739
2796
2768
3007
2756
2452
2473
2456
2353
2224
2206
2052
1868
1969
1820
1719
1816
1913
1820
1873
1543
1821
1892
2114
2236
2309
2361
2483
2585
2632
2638
2696
2727
2582
2981
2906
2818
2867
2993
3015
2900
3028
3218
3276
3276
3464
3545
3706
3835
4028
4031
4047
4179
4240
4305
4301
4351
4606
4956
5041
4560
3739
3766
3900
3811
3784
3734
3531
3551
3508
3375
3253
3251
3102
3261
3411
3833
3329
3633
3693
3630
3680
3661
3667
3686
3722
3693
3744
3780
3888
3858
3891
3903
3909
3985
3998
4178
4338
4545
4583
4720
5090
5291
5509
5839
5917
6514
6860
6976
7637
7930
8296
8676
9204
9603
9966
9798
9983
10056
10132
10165
10103
10070
10207
10698
10465
10057
10316
10089
10079
10021
9957
9905
10221
10183
9997
9752
9777
9482
9521
9441
9207
8637
8349
8375
7928
7800
7768
7542
7585
7497
7622
7709
7735
7938
8346
8506
8672
8924
9147
9228
9794
9956
10209
10295
10840
10806
11312
11625
11891
11801
12247
12405
12311
12778
12910
12979
13145
13164
13120
13166
13175
13004
12922
12788
12707
12607
12517
12584
12438
11702
12311
12379
12564
12459
12602
12882
12951
13159
13395
13670
14256
14436
14898
14878
15431
15770
16002
16327
16618
16874
17196
